	CreateVehicle(479, 2473.19995, -1690.5, 13.4, 0, 42, 149, 600);
	CreateVehicle(567, 2508.09961, -1665.39941, 13.43, 8.745, 42, 149, 600);
	CreateVehicle(567, 2505.19922, -1677.69922, 13.4, 318.4, 42, 149, 600);
	CreateVehicle(600, 2486.7998, -1655.39941, 13.2, 90, 42, 149, 600);
	CreateVehicle(471, 2455, -1687.7998, 13.1, 0, 42, 149, 600);
	CreateVehicle(560, 2460.2998, -1672.7998, 13.3, 0, 42, 149, 600);
	CreateVehicle(462, 2425.69922, -1645.7998, 13.23, 183.823, 42, 149, 600);
	CreateVehicle(462, 2431.39941, -1646, 13.2, 189.294, 42, 149, 600);
	CreateVehicle(471, 2428.69922, -1646, 13.13, 177.643, 42, 149, 600);
	CreateVehicle(508, 2373.69922, -1645.59961, 14, 179.44, 37, 48, 600);
	CreateVehicle(606, 2373.80005, -1636.30005, 13.6, 90.279, 37, 48, 600);
	CreateVehicle(591, 2378.5, -1642.39941, 14.2, 180.555, 37, 48, 600);
	CreateVehicle(414, 2304, -1633, 14.7, 177.643, 37, 48, 600);
	CreateVehicle(414, 2296.30005, -1631.69995, 14.9, 177.643, 37, 48, 600);
	CreateVehicle(414, 2300.1001, -1632.5, 14.8, 177.643, 37, 48, 600);
	CreateVehicle(518, 2184.89941, -1680.69922, 13.7, 345.438, 37, 48, 600);
	CreateVehicle(567, 2183.5, -1689.89941, 13.6, 357.083, 37, 48, 600);
	CreateVehicle(468, 2160, -1681.59961, 14.8, 322.136, 37, 48, 600);
	CreateVehicle(468, 2158.19922, -1681.59961, 14.8, 322.136, 37, 48, 600);
	CreateVehicle(468, 2159, -1681.69922, 14.8, 325.047, 37, 48, 600);
	CreateVehicle(566, 2171.19922, -1672.89941, 15, 220.21, 37, 48, 600);
	CreateVehicle(585, 2179.09961, -1664, 14.6, 223.121, 37, 48, 600);
	CreateVehicle(448, 2122.3999, -1783.40002, 13.1, 0, 37, 48, 600);
	CreateVehicle(448, 2120.80005, -1783.40002, 13.1, 0, 37, 48, 600);
	CreateVehicle(448, 2119.09961, -1783.2998, 13.1, 0, 37, 48, 600);
	CreateVehicle(448, 2117.1001, -1783, 13.1, 0, 37, 48, 600);
	CreateVehicle(400, 2121.6001, -1765.09998, 13.5, 93.191, 37, 48, 600);
	CreateVehicle(479, 2121.1001, -1771.19995, 13.3, 93.191, 37, 48, 600);
	CreateVehicle(549, 2121.30005, -1777.80005, 13.3, 93.191, 37, 48, 600);
	CreateVehicle(487, 2049.3999, -1791.09998, 22.1, 0, 37, 48, 600);
	CreateVehicle(565, 2367.1001, -1363.19995, 23.5, 180.197, 37, 48, 600);
	CreateVehicle(534, 2367.19995, -1371.09998, 23.7, 180.251, 37, 48, 600);
	CreateVehicle(517, 2492.39941, -1682.7998, 13.3, 268.286, 42, 149, 600);
	CreateVehicle(450, 2430, -1672.30005, 14.3, 268.291, 37, 48, 600);
	CreateVehicle(435, 2289.19995, -1675, 15.2, 0, 37, 48, 600);
	CreateVehicle(440, 2282.6001, -1672.09998, 15.2, 0, 37, 48, 600);
	CreateVehicle(609, 2502.59961, -1750.7998, 13.6, 0, 37, 48, 600);
	CreateVehicle(463, 1929.19995, -1780, 13, 0, 37, 48, 600);
	CreateVehicle(468, 1929.5, -1784.90002, 13.2, 0, 37, 48, 600);
	CreateVehicle(559, 1944.90002, -1769.40002, 13.1, 0, 37, 48, 600);
	CreateVehicle(578, 1613.90002, -1890.09998, 14.3, 0, 37, 48, 600);
	CreateVehicle(574, 1603.69995, -1839.69995, 13.3, 0, 37, 48, 600);
	CreateVehicle(596, 1535.89941, -1678.2998, 13.2, 0, 37, 48, 600);
	CreateVehicle(463, 2514.6001, -2009, 12.9, 0, 37, 48, 600);
	CreateVehicle(591, 2511.30005, -2108.3999, 14.2, 0, 37, 48, 600);
	CreateVehicle(431, 2465.8999, -2106.69995, 13.8, 0, 37, 48, 600);
	CreateVehicle(482, 2383.19995, -1927.40002, 13.6, 0, 37, 48, 600);
	CreateVehicle(596, 1535.7998, -1666.5, 13.2, 0, 37, 48, 600);
	CreateVehicle(596, 1535.89941, -1672.5, 13.2, 0, 37, 48, 600);
	CreateVehicle(533, 1535.40002, -1464.59998, 9.6, 0, 37, 48, 600);
	CreateVehicle(498, 1362.80005, -1651.40002, 13.6, 270.136, 37, 48, 600);
	CreateVehicle(428, 1478.59998, -1740.40002, 13.8, 270, 37, 48, 600);
	CreateVehicle(533, 1574.2998, -1878.39941, 13.3, 90.137, 37, 48, 600);
	CreateVehicle(480, 1561.5, -1878.19922, 13.4, 89.648, 37, 48, 600);
	CreateVehicle(538, 1755.59998, -1957.90002, 15, 270.44, 37, 48, 600);
	CreateVehicle(487, 897.59998, -662.59998, 121.2, 237.185, 37, 48, 600);
	CreateVehicle(522, 911.59998, -678, 116.5, 234.218, 37, 48, 600);
	CreateVehicle(522, 914.20001, -675.70001, 116.6, 232.421, 37, 48, 600);
	CreateVehicle(541, 912.70001, -663.70001, 116.7, 236.412, 37, 48, 600);
	CreateVehicle(451, 910.79999, -666, 116.7, 236.412, 37, 48, 600);
	CreateVehicle(522, 910.40002, -679.20001, 116.5, 234.218, 37, 48, 600);
	CreateVehicle(522, 913, -676.7998, 116.6, 232.421, 37, 48, 600);
	CreateVehicle(469, 1776, -2458.69995, 13.7, 180.597, 37, 48, 600);
	CreateVehicle(469, 1804.59998, -2455.5, 13.7, 197.028, 37, 48, 600);
	CreateVehicle(469, 1791.09998, -2458.30005, 13.7, 180.593, 37, 48, 600);
	CreateVehicle(511, 1749.40002, -2463.3999, 15.1, 180.597, 37, 48, 600);
	CreateVehicle(511, 1719.69995, -2463.3999, 15.1, 180.593, 37, 48, 600);
	CreateVehicle(511, 1686.80005, -2463.3999, 15.1, 180.593, 37, 48, 600);
	CreateVehicle(593, 1818.09998, -2421.69995, 14.1, 272.292, 37, 48, 600);
	CreateVehicle(593, 1815.39941, -2437.19922, 14.1, 244.385, 37, 48, 600);
	CreateVehicle(513, 1663.40002, -2464.30005, 14.3, 180.597, 37, 48, 600);
	CreateVehicle(513, 1624.59998, -2465.69995, 14.3, 180.593, 37, 48, 600);
	CreateVehicle(513, 1644.40002, -2465.3999, 14.3, 180.593, 37, 48, 600);
	CreateVehicle(487, 1817.2998, -2404.69922, 13.8, 268.306, 37, 48, 600);
	CreateVehicle(487, 1839.30005, -2622.80005, 13.8, 0, 37, 48, 600);
	CreateVehicle(487, 1824, -2622.69995, 13.8, 0, 37, 48, 600);
	CreateVehicle(487, 1809.40002, -2622.8999, 13.8, 0, 37, 48, 600);
	CreateVehicle(563, 1791.59998, -2622.69995, 14.4, 0, 37, 48, 600);
	CreateVehicle(563, 1776.40002, -2622.80005, 14.4, 0, 37, 48, 600);
	CreateVehicle(563, 1761.5, -2622.6001, 14.4, 0, 37, 48, 600);
	CreateVehicle(512, 1739.09998, -2624.19995, 14.2, 0, 37, 48, 600);
	CreateVehicle(512, 1722.40002, -2624.3999, 14.2, 0, 37, 48, 600);
	CreateVehicle(512, 1707.09998, -2624.30005, 14.2, 0, 37, 48, 600);
	CreateVehicle(485, 1663.19995, -2620.80005, 13.2, 0, 37, 48, 600);
	CreateVehicle(485, 1973.19995, -2381.69995, 13.2, 75.748, 37, 48, 600);
	CreateVehicle(507, 1803.09998, -1916, 13.3, 87.708, 37, 48, 600);
	CreateVehicle(526, 1803.69995, -1923.30005, 13.2, 91.695, 37, 48, 600);
	CreateVehicle(587, 1798.59998, -1932.80005, 13.2, 0, 37, 48, 600);
	CreateVehicle(547, 1791.30005, -1932.59998, 13.2, 0, 37, 48, 600);
	CreateVehicle(496, 1804.19995, -1908.09998, 13.2, 91.695, 37, 48, 600);
	CreateVehicle(439, 1784.30005, -1932.40002, 13.4, 0, 37, 48, 600);
	CreateVehicle(586, 1772.40002, -1912, 13.1, 268.306, 37, 48, 600);
	CreateVehicle(463, 1772.19995, -1918.69995, 13.2, 272.293, 37, 48, 600);
	CreateVehicle(471, 1802.59998, -1929.19995, 13, 43.854, 37, 48, 600);
	CreateVehicle(552, 1837.90002, -1869.80005, 13.2, 0, 37, 48, 600);
	CreateVehicle(429, 1732.80005, -1749.30005, 13.3, 0, 37, 48, 600);
	CreateVehicle(470, 2747.2998, -2459.19922, 13.8, 268.303, 37, 48, 600);
	CreateVehicle(470, 2747.30005, -2463.1001, 13.8, 268.303, 37, 48, 600);
	CreateVehicle(470, 2747.30005, -2467.6001, 13.8, 268.303, 37, 48, 600);
	CreateVehicle(470, 2747.30005, -2471.8999, 13.8, 268.303, 37, 48, 600);
	CreateVehicle(432, 2782.30005, -2455.80005, 13.7, 91.695, 37, 48, 600);
	CreateVehicle(433, 2745.69995, -2447.6001, 14.2, 268.306, 37, 48, 600);
	CreateVehicle(433, 2745.69995, -2441.80005, 14.2, 268.303, 37, 48, 600);
	CreateVehicle(580, 2159, -1795.5, 13.3, 268.303, 37, 48, 600);
	CreateVehicle(480, 2158.89941, -1806.69922, 13.2, 268.303, 37, 48, 600);
	CreateVehicle(496, 2159, -1801, 13.2, 268.303, 37, 48, 600);
	CreateVehicle(456, 2187.5, -1804.89941, 13.6, 0, 37, 48, 600);
	CreateVehicle(411, 2013, -1596.09998, 13.4, 131.561, 37, 48, 600);
	CreateVehicle(560, 1989.5, -1614.19995, 13.3, 0, 37, 48, 600);
	CreateVehicle(500, 2455.89941, -1673.09961, 13.7, 0, 42, 149, 600);
	CreateVehicle(514, 2504.89941, -2106.89941, 14.2, 0, 37, 48, 600);
	CreateVehicle(514, 2477.1001, -2106.3999, 14.2, 0, 37, 48, 600);
	CreateVehicle(515, 2485.19995, -2106.8999, 14.7, 0, 37, 48, 600);
	CreateVehicle(578, 2500, -2107, 14.2, 0, 37, 48, 600);
	CreateVehicle(406, 2458.6001, -2077.3999, 15.2, 180.597, 37, 48, 600);
	CreateVehicle(406, 2468.8999, -2077.3999, 15.2, 180.597, 37, 48, 600);
	CreateVehicle(554, 2427, -2114.1001, 13.7, 0, 37, 48, 600);
	CreateVehicle(416, 2035.5, -1426.59998, 17.3, 180.597, 37, 48, 600);
	CreateVehicle(416, 2030.80005, -1426.59998, 17.3, 180.593, 37, 48, 600);
	CreateVehicle(416, 2030.80005, -1436.09998, 17.3, 180.593, 37, 48, 600);
	CreateVehicle(416, 2035.5, -1435.90002, 17.3, 180.593, 37, 48, 600);
	CreateVehicle(416, 2015.30005, -1411.09998, 17.3, 88.898, 37, 48, 600);
	CreateVehicle(416, 2015.30005, -1416.30005, 17.3, 88.896, 37, 48, 600);
	CreateVehicle(490, 2001, -1357, 24, 180.593, 37, 48, 600);
	CreateVehicle(481, 1892.90002, -1380.69995, 13.2, 0, 37, 48, 600);
	CreateVehicle(481, 1882.7998, -1386.2998, 13.2, 0, 37, 48, 600);
	CreateVehicle(509, 1914.69995, -1406.19995, 13.2, 0, 37, 48, 600);
	CreateVehicle(510, 1883.5, -1404.30005, 13.3, 0, 37, 48, 600);
	CreateVehicle(468, 1735.19995, -1272.90002, 13.3, 91.695, 37, 48, 600);
	CreateVehicle(596, 1595.40002, -1710.30005, 5.7, 0, 37, 48, 600);
	CreateVehicle(596, 1591.40002, -1710.30005, 5.7, 0, 37, 48, 600);
	CreateVehicle(596, 1587.40002, -1710.30005, 5.7, 0, 37, 48, 600);
	CreateVehicle(596, 1583.5, -1710.30005, 5.7, 0, 37, 48, 600);
	CreateVehicle(596, 1578.59998, -1710.30005, 5.7, 0, 37, 48, 600);
	CreateVehicle(596, 1574.39941, -1710.2998, 5.7, 0, 37, 48, 600);
	CreateVehicle(596, 1570.5, -1710.2998, 5.7, 0, 37, 48, 600);
	CreateVehicle(596, 1558.69995, -1710.30005, 5.7, 0, 37, 48, 600);
	CreateVehicle(490, 1530.80005, -1644.80005, 6.2, 178.255, 37, 48, 600);
	CreateVehicle(490, 1534.69995, -1644.80005, 6.2, 178.253, 37, 48, 600);
	CreateVehicle(490, 1538.80005, -1644.80005, 6.2, 179.142, 37, 48, 600);
	CreateVehicle(427, 1543.69922, -1651, 6.1, 88.594, 37, 48, 600);
	CreateVehicle(427, 1543.69995, -1655.09998, 6.1, 88.594, 37, 48, 600);
	CreateVehicle(601, 1601, -1683.90002, 5.8, 89.84, 37, 48, 600);
	CreateVehicle(601, 1601, -1692, 5.8, 89.835, 37, 48, 600);
	CreateVehicle(601, 1601, -1700.30005, 5.8, 89.835, 37, 48, 600);
	CreateVehicle(426, 1782.5, -1406.09998, 15.6, 177.22, 37, 48, 600);
	CreateVehicle(426, 1786.59998, -1406.09998, 15.6, 180.313, 37, 48, 600);
	CreateVehicle(426, 1786.59998, -1416.5, 15.6, 180.313, 37, 48, 600);
	CreateVehicle(426, 1782.59998, -1417.59998, 15.6, 180.313, 37, 48, 600);
	CreateVehicle(432, 282.39999, 2018.80005, 17.7, 270, 37, 48, 600);
	CreateVehicle(432, 282.10001, 2029.30005, 17.7, 270, 37, 48, 600);
	CreateVehicle(432, 282.29999, 1995.30005, 17.7, 270, 37, 48, 600);
	CreateVehicle(432, 282.39999, 1983.69995, 17.7, 270, 37, 48, 600);
	CreateVehicle(432, 282.10001, 1961.59998, 17.7, 270, 37, 48, 600);
	CreateVehicle(432, 282.20001, 1950, 17.7, 270, 37, 48, 600);
	CreateVehicle(447, 374.89999, 1987, 17.7, 90, 37, 48, 600);
	CreateVehicle(447, 374.60001, 1963.80005, 17.7, 90, 37, 48, 600);
	CreateVehicle(447, 374.5, 1942.19995, 17.7, 90, 37, 48, 600);
	CreateVehicle(447, 374.10001, 1924.80005, 17.7, 90, 37, 48, 600);
	CreateVehicle(520, 309, 1820.5, 18.6, 0, 37, 48, 600);
	CreateVehicle(520, 203.3, 1960.40002, 18.6, 338, 37, 48, 600);
	CreateVehicle(520, 238.10001, 1955.59998, 18.6, 338, 37, 48, 600);
	CreateVehicle(476, 248.39999, 2068, 18.8, 182, 37, 48, 600);
	CreateVehicle(476, 229.39999, 2067.69995, 18.8, 182, 37, 48, 600);
	CreateVehicle(476, 307.20001, 2052.69995, 18.8, 182, 37, 48, 600);
	CreateVehicle(470, 2780.3999, -2417.80005, 13.7, 92, 37, 48, 600);
	CreateVehicle(470, 2780.19995, -2494.5, 13.7, 92, 37, 48, 600);
	CreateVehicle(523, 1535.90002, -1658, 13.2, 58, 37, 48, 600);
	CreateVehicle(523, 1536.09998, -1660.19995, 13.2, 57.997, 37, 48, 600);
	CreateVehicle(523, 1536.09998, -1655.69995, 13.2, 57.997, 37, 48, 600);
	CreateVehicle(549, 2015, -1598.69995, 13.4, 132, 37, 48, 600);
	CreateVehicle(602, 2182.89941, -1697.59961, 13.4, 357.995, 37, 48, 600);
	CreateVehicle(579, 1471.2998, -1432.19922, 13.6, 90.247, 37, 48, 600);
	CreateVehicle(533, 1479.19922, -1432.09961, 13.3, 90.247, 37, 48, 600);
	CreateVehicle(491, 1463.59961, -1426.5, 13.4, 180.115, 37, 48, 600);
	CreateVehicle(555, 1463.59961, -1420, 13.3, 181.198, 37, 48, 600);
	CreateVehicle(401, 1474.69995, -1308.19995, 13.4, 270.601, 37, 48, 600);
	CreateVehicle(434, 1442.40002, -1328.69995, 13.7, 270.601, 37, 48, 600);
	CreateVehicle(558, 1449.19995, -1255.69995, 13.3, 179.377, 37, 48, 600);
	CreateVehicle(483, 1282.19995, -1308, 13.4, 0, 37, 48, 600);
	CreateVehicle(516, 1277.30005, -1308.40002, 13.2, 0, 37, 48, 600);
	CreateVehicle(546, 1190.5, -1327.80005, 13.2, 181.202, 37, 48, 600);
	CreateVehicle(500, 1026.90002, -1343.90002, 13.8, 91.224, 37, 48, 600);
	CreateVehicle(422, 1124.30005, -1411.19995, 13.7, 270.601, 37, 48, 600);
	CreateVehicle(560, 1568, -1878.39941, 13.4, 89.396, 37, 48, 600);
	CreateVehicle(534, 2496.5, -1498.69922, 23.8, 91.219, 37, 48, 600);
	CreateVehicle(533, 2512, -1509.59961, 23.6, 268.775, 37, 48, 600);
	CreateVehicle(565, 2490.09961, -1499.09961, 23.7, 91.219, 37, 48, 600);
	CreateVehicle(506, 2508.59961, -1498.7998, 23.6, 89.396, 37, 48, 600);
	CreateVehicle(410, 2514.39941, -1498.7998, 23.6, 89.846, 37, 48, 600);
	CreateVehicle(576, 2423.39941, -1248, 23.6, 90.5, 37, 48, 600);
	CreateVehicle(533, 2429.7998, -1248, 23.7, 90.5, 37, 48, 600);
	CreateVehicle(580, 2436.09961, -1248.09961, 23.8, 90.5, 37, 48, 600);
	CreateVehicle(603, 2400.59961, -1248.5, 23.9, 269.495, 37, 48, 600);
	CreateVehicle(496, 2495.69995, -1953.5, 13.2, 0, 37, 48, 600);
	CreateVehicle(471, 1943.09998, -1448.59998, 13.1, 0, 37, 48, 600);
	CreateVehicle(522, 1940.59998, -1448.30005, 13.1, 0, 37, 48, 600);
	CreateVehicle(461, 1938.59998, -1448.19995, 13.2, 0, 37, 48, 600);
	CreateVehicle(481, 1887, -1394.19995, 13.2, 0, 37, 48, 600);
	CreateVehicle(510, 1925.5, -1407.59998, 13.3, 0, 37, 48, 600);
	CreateVehicle(481, 1915.5, -1442.5, 13.1, 0, 37, 48, 600);
	CreateVehicle(509, 1893.09998, -1444.30005, 13.1, 0, 37, 48, 600);
	CreateVehicle(510, 1875.19995, -1398.09998, 13.3, 0, 37, 48, 600);
	
